Matrix,      cp-rank, n²/4, 	    ξ₂ᶜᵖ,      ξ₂ᵩᶜᵖ,    ξ₂ᵩweak⊗ᶜᵖ,   ξ₂ᵩ⊗ᶜᵖ,    ξ₂ᵩ⊗ᶜᵖ + xᵢxⱼ  
7 _sym_NN_λ0.0 , ??, ,12.0,       0.6027,      2.7318,      2.7101,     0.0,      0.0 
7 _sym_NN_λ0.25 ,??, ,12.0,       0.8045,      3.0213,      3.0011,     0.0,      0.0 
7 _sym_NN_λ0.5 , ??, ,12.0,       1.2763,      4.9157,      4.2475,     0.0,      0.0 
7 _sym_NN_λ0.75 ,??, ,12.0,       1.6963,      8.2042,      5.9924,     0.0,      0.0 
7 _sym_NN_λ1.0 , ??, ,12.0,       1.3681,      5.204,      3.5257,     0.0,      0.0 
8 _sym_NN_λ0.0 , ??, ,16.0,       1.1567,      5.6449,      5.082,     0.0,      0.0 
8 _sym_NN_λ0.25 ,??, ,16.0,       1.6316,      6.1663,      5.5598,     0.0,      0.0 
8 _sym_NN_λ0.5 , ??, ,16.0,       2.1275,      9.054,      7.2837,     0.0,      0.0 
8 _sym_NN_λ0.75 ,??, ,16.0,       2.4507,      9.9537,      8.0241,     0.0,      0.0 
8 _sym_NN_λ1.0 , ??, ,16.0,       5.7023,      6.7933,      6.7933,     8.0,      8.0 
9 _sym_NN_λ0.0 , ??, ,20.0,       1.0186,      7.3315,      4.6721,     0.0,      0.0 
9 _sym_NN_λ0.25 ,??, ,20.0,       1.4946,      6.3548,      6.4838,     0.0,      0.0 
9 _sym_NN_λ0.5 , ??, ,20.0,       2.1402,      9.6479,      7.0583,     0.0,      0.0 
9 _sym_NN_λ0.75 ,??, ,20.0,       4.2735,      5.2739,      5.2739,     8.9998,   8.9978 
9 _sym_NN_λ1.0 , ??, ,20.0,       5.8349,      7.4357,      7.4357,     9.0,      9.0 
