1.0 0.0 0.08958890422756036 0.04431478324033076 0.2919334186939821 0.3939091843584957 0.31463540317179667 0.2806602938554282 0.04431478324033076 0.12585416126871865 0.0  
0.0 1.0 0.0 0.11360946745562131 0.044314783240330766 0.2698224852071006 0.40331417625552757 0.37869822485207105 0.2698224852071006 0.04537284482874686 0.11360946745562131  
0.08958890422756037 0.0 1.0 0.0 0.08958890422756037 0.04306469656536657 0.25225181462777707 0.3827973028032584 0.3827973028032584 0.25225181462777707 0.04306469656536657  
0.044314783240330766 0.11360946745562131 0.0 1.0 0.0 0.11360946745562131 0.04537284482874686 0.2698224852071006 0.37869822485207105 0.40331417625552757 0.2698224852071006  
0.2919334186939821 0.04431478324033076 0.08958890422756036 0.0 1.0 0.0 0.12585416126871865 0.04431478324033076 0.2806602938554282 0.31463540317179667 0.3939091843584957  
0.39390918435849565 0.2698224852071006 0.04306469656536657 0.11360946745562131 0.0 1.0 0.0 0.11360946745562131 0.042603550295857995 0.2873613505820634 0.37869822485207105  
0.3146354031717966 0.40331417625552757 0.25225181462777707 0.04537284482874686 0.12585416126871868 0.0 0.9999999999999998 0.0 0.12099425287665828 0.0483221476510067 0.2873613505820634  
0.2806602938554282 0.37869822485207105 0.3827973028032584 0.2698224852071006 0.044314783240330766 0.11360946745562131 0.0 1.0 0.0 0.12099425287665827 0.042603550295857995  
0.044314783240330766 0.2698224852071006 0.3827973028032584 0.37869822485207105 0.2806602938554282 0.042603550295857995 0.12099425287665827 0.0 1.0 0.0 0.11360946745562131  
0.12585416126871868 0.04537284482874686 0.25225181462777707 0.40331417625552757 0.3146354031717966 0.2873613505820634 0.0483221476510067 0.12099425287665828 0.0 0.9999999999999998 0.0  
0.0 0.11360946745562131 0.04306469656536657 0.2698224852071006 0.39390918435849565 0.37869822485207105 0.2873613505820634 0.042603550295857995 0.11360946745562131 0.0 1.0  
